39.9032517233 -75.3537085067
39.9031522683 -75.3535306
39.9033263145 -75.3537893733
39.9031647002 -75.3537408533
39.9033014507 -75.3538540667
39.9031274046 -75.3537408533
39.9031771321 -75.3538540667
39.9033263145 -75.35387024
39.9033263145 -75.35372468
39.9032144277 -75.3536599867
39.9032641551 -75.3535467733
39.9034506331 -75.3536438133
39.9034257694 -75.3537085067
39.9033884738 -75.35372468
39.903276587 -75.3536438133
39.903463065 -75.3536923333
39.9032890189 -75.3538055467
39.9032144277 -75.3538864133
39.9034506331 -75.35391876
39.9034506331 -75.3537570267
39.9033138826 -75.35382172
39.9032517233 -75.3535467733
39.9034382013 -75.3535144267
39.9034382013 -75.3537408533
39.9033387463 -75.3539511067
39.9033263145 -75.3536114667
39.903463065 -75.35387024
39.9032268595 -75.35357912
39.9034009057 -75.35367616
39.9032641551 -75.3539025867
39.9031149727 -75.3537570267
39.9031149727 -75.3536438133
39.9032019958 -75.3539834533
39.9033014507 -75.3537893733
39.9033636101 -75.3535467733
39.9034879287 -75.3536114667
39.9034879287 -75.3538055467
39.9034382013 -75.35416136
39.9033014507 -75.35411284
39.9031398365 -75.3537570267
39.9032392914 -75.3535952933
39.9034009057 -75.3536599867
39.9032890189 -75.3538055467
39.903463065 -75.3536438133
39.903463065 -75.3539025867
39.9033138826 -75.35372468
39.9032517233 -75.3537085067
39.9033014507 -75.3539349333
39.9033760419 -75.35387024
39.9034009057 -75.35382172
39.9034009057 -75.3538378933
39.9034009057 -75.35387024
39.9034009057 -75.3538540667
39.9034382013 -75.35357912
39.9033387463 -75.3536438133
39.9033884738 -75.3536114667
39.9033387463 -75.3535952933
39.9031647002 -75.3537570267
39.9031647002 -75.35387024
39.9032268595 -75.3537408533
39.9032268595 -75.3537893733
39.9030403816 -75.35382172
39.9031274046 -75.3539025867
39.9031274046 -75.3539025867
39.9033636101 -75.3540481467
39.9034382013 -75.3540158
39.9034133375 -75.3539025867
39.9033387463 -75.35387024
39.9032517233 -75.3536599867
39.903463065 -75.3537893733
39.9033884738 -75.35387024
39.9032890189 -75.3537408533
39.9033014507 -75.3537085067
39.903276587 -75.35367616
39.9033511782 -75.3536599867
39.9033138826 -75.3537893733
39.9031647002 -75.3535629467
39.9035376562 -75.35362764
39.9035376562 -75.35382172
39.903463065 -75.35396728
39.903463065 -75.3539834533
39.9033636101 -75.35387024
39.9032144277 -75.35382172
39.9032641551 -75.35357912
39.9034133375 -75.3536923333
39.9033884738 -75.35387024
39.9033760419 -75.3538055467
39.9032268595 -75.3537085067
39.9031771321 -75.35391876
39.9033263145 -75.3540319733
39.9034009057 -75.3538378933
39.9033511782 -75.3538055467
39.9032392914 -75.35367616
39.9031274046 -75.3539025867
39.9032144277 -75.3539349333
39.9032268595 -75.3536438133
39.9033014507 -75.35387024
39.9032268595 -75.3538540667
39.9035003606 -75.3539025867
39.9034879287 -75.3539025867
39.9034506331 -75.35372468
39.9034009057 -75.35372468
39.9033014507 -75.3535629467
39.903276587 -75.35357912
39.9033138826 -75.3537732
39.9032890189 -75.35382172
39.903276587 -75.35382172
39.9034009057 -75.35382172
39.9033760419 -75.3541290133
39.9032268595 -75.3539996267
39.9032268595 -75.3538378933
39.9031895639 -75.3537085067
39.9033636101 -75.3537570267
39.9032641551 -75.3538055467
39.9032144277 -75.3537732
39.9032144277 -75.3539834533
39.9032268595 -75.3539834533
39.9032517233 -75.3539834533
39.9033014507 -75.3537732
39.9033014507 -75.35367616
39.9033014507 -75.35382172
39.9032144277 -75.3539025867
39.9031522683 -75.3538864133
39.9031025409 -75.3536923333
39.9031647002 -75.3536114667
39.903276587 -75.3535467733
39.9033636101 -75.3535467733
39.9034506331 -75.3536438133
39.9034009057 -75.3539349333
39.9033138826 -75.35406432
39.9032517233 -75.3539996267
39.9032019958 -75.3537893733
39.9031895639 -75.35387024
39.9034133375 -75.3539349333
39.9033387463 -75.3539025867
39.9032268595 -75.3537085067
39.9033014507 -75.35367616
39.9034009057 -75.3536923333
39.9033138826 -75.35391876
39.9033760419 -75.3538540667
39.9033760419 -75.3538378933
39.9033760419 -75.35382172
39.9033138826 -75.3538378933
39.9032517233 -75.3537893733
39.9031398365 -75.3538378933
39.9032890189 -75.35367616
39.9032890189 -75.3535952933
39.9034133375 -75.3538378933
39.9034009057 -75.3540481467
39.9031398365 -75.3538540667
39.9031895639 -75.35362764
39.9032517233 -75.35362764
39.9033387463 -75.35362764
39.9033511782 -75.3536923333
39.9033511782 -75.35382172
39.9032268595 -75.3537893733
39.9032890189 -75.35367616
39.9033387463 -75.3536438133
39.9033387463 -75.3536923333
39.9033387463 -75.3537732
39.9033263145 -75.3537893733
39.9032268595 -75.3536599867
39.9033387463 -75.3535467733
39.9033636101 -75.3536114667
39.9033760419 -75.3538055467
39.9033263145 -75.3535306
39.9033511782 -75.35348208
39.9033760419 -75.3534659067
39.9034506331 -75.3537085067
39.903463065 -75.3538378933
39.9033636101 -75.3540158
39.9032890189 -75.35396728
39.9032392914 -75.3538864133
39.9031522683 -75.3537085067
39.9032268595 -75.3536923333
39.9033014507 -75.3535629467
39.9033760419 -75.3537085067
39.9033884738 -75.3537732
39.9033138826 -75.3538055467
39.9032268595 -75.3538864133
39.9032268595 -75.3538055467
39.9032268595 -75.3537893733
39.9033263145 -75.35372468
39.9033263145 -75.35372468
39.9033263145 -75.35372468
39.9033263145 -75.35372468
39.9033263145 -75.35372468
39.9033263145 -75.35372468
39.9033263145 -75.35372468
39.9033138826 -75.35372468
39.9033138826 -75.35372468
39.9033138826 -75.35372468
39.9032890189 -75.3537408533
39.9032890189 -75.3537408533
39.9033138826 -75.3537732
39.9032890189 -75.3538378933
39.9032641551 -75.3538540667
39.9033014507 -75.3538864133
39.9033014507 -75.3539025867
39.9032517233 -75.3538864133
39.9031522683 -75.3538055467
39.9032268595 -75.3536599867
39.9032517233 -75.3537085067
39.9032641551 -75.35372468
39.9032641551 -75.35372468
39.9033014507 -75.3537408533
39.9033014507 -75.3538055467
39.9032268595 -75.3536438133
39.903276587 -75.3536438133
39.9033511782 -75.3538378933
39.9033636101 -75.3540481467
39.9033511782 -75.3539511067
39.903463065 -75.35382172
39.9034754969 -75.3537085067
39.9033636101 -75.3535629467
39.9032890189 -75.3535467733
39.9032019958 -75.35367616
39.9031398365 -75.3539025867
39.9033138826 -75.3539996267
39.9033387463 -75.35396728
39.9034257694 -75.3535306
39.9035252243 -75.3538055467
39.9035252243 -75.3539834533
39.9034754969 -75.35396728
39.9033263145 -75.3538378933
39.9030528134 -75.3538055467
39.9031771321 -75.3536599867
39.9033387463 -75.3536114667
39.9034009057 -75.3536599867
39.9033387463 -75.35387024
39.9032392914 -75.3539025867
39.9031647002 -75.3537085067
39.9033014507 -75.3536599867
39.9033138826 -75.3536438133
39.9033138826 -75.3536438133
39.9033138826 -75.3536438133
39.9033014507 -75.3536923333
39.9032641551 -75.3537085067
39.9031647002 -75.3536438133
39.9032144277 -75.3537085067
39.9032641551 -75.3537893733
39.9032641551 -75.3538378933
39.903276587 -75.3539025867
39.9033511782 -75.35387024
39.9033636101 -75.35387024
39.9033760419 -75.35387024
39.903276587 -75.35391876
39.9032392914 -75.3538864133
39.9033636101 -75.3538055467
39.9033760419 -75.35382172
39.9033760419 -75.35387024
39.903276587 -75.3538864133
39.9034257694 -75.35362764
39.903463065 -75.3538864133
39.9033884738 -75.3539996267
39.9033263145 -75.3539996267
39.9033014507 -75.3539025867
39.9031398365 -75.3537085067
39.9031025409 -75.35382172
39.9031274046 -75.35382172
39.9033014507 -75.3540158
39.9035500881 -75.35391876
39.9035625199 -75.35382172
39.9034754969 -75.3537408533
39.9034257694 -75.35357912
39.9034754969 -75.3536114667
39.9035500881 -75.3536438133
39.9035749518 -75.35372468
39.9035252243 -75.35382172
39.9035252243 -75.35391876
39.9033884738 -75.3539996267
39.9033636101 -75.3539349333
39.9033884738 -75.3537732
39.9035376562 -75.3537085067
39.9035625199 -75.3537085067
39.9034009057 -75.3536438133
39.9034382013 -75.35357912
39.9034506331 -75.3538540667
39.9033387463 -75.3539349333
39.9032392914 -75.3538378933
39.9033138826 -75.3538378933
39.9034506331 -75.3538378933
39.9034257694 -75.35357912
39.9033884738 -75.3537570267
39.9034133375 -75.3537732
39.9034133375 -75.3537732
39.9034382013 -75.3537732
39.9034382013 -75.3537732
39.9034382013 -75.3537732
39.9033138826 -75.35372468
39.9032890189 -75.35357912
39.9031895639 -75.35372468
39.9032268595 -75.3539025867
39.9034879287 -75.35396728
39.9035749518 -75.3538378933
39.9035003606 -75.3536599867
39.9033636101 -75.3536599867
39.9034879287 -75.35382172
39.9034879287 -75.35382172
39.9033884738 -75.3537893733
39.9033760419 -75.3538055467
39.9032268595 -75.3539996267
39.9031895639 -75.3537570267
39.9033263145 -75.3536438133
39.9033636101 -75.3538378933
39.9034382013 -75.3539349333
39.9034382013 -75.3537570267
39.9034133375 -75.35367616
39.9033511782 -75.35367616
39.9032890189 -75.3538378933
39.9032268595 -75.35391876
39.9032268595 -75.3537570267
39.9032517233 -75.35367616
39.9032890189 -75.3536599867
39.9033263145 -75.3537085067
39.903276587 -75.35372468
39.9033636101 -75.3534982533
39.9035376562 -75.3537570267
39.9035500881 -75.3537570267
39.9034382013 -75.3538055467
39.9033884738 -75.3538378933
39.9032890189 -75.3538540667
39.9032517233 -75.3538055467
39.9033263145 -75.3536599867
39.9031647002 -75.3538055467
39.9032144277 -75.35362764
39.903276587 -75.35357912
39.9033263145 -75.3535144267
39.9034754969 -75.3535952933
39.9034879287 -75.3536923333
39.9034506331 -75.3538540667
39.9034506331 -75.3538540667
39.9034257694 -75.35387024
39.9034133375 -75.3538378933
39.9033138826 -75.3538055467
39.9033387463 -75.35391876
39.9034009057 -75.3537732
39.9034009057 -75.35367616
39.9032641551 -75.3536599867
39.9032517233 -75.35367616
39.9033014507 -75.35372468
39.9033014507 -75.3537408533
39.9034133375 -75.3537570267
39.9034133375 -75.3537570267
39.9033760419 -75.3537893733
39.9033760419 -75.3537893733
39.9033636101 -75.3537893733
39.9033636101 -75.3537893733
39.9033636101 -75.3537893733
39.9033636101 -75.3537893733
39.9032641551 -75.3537085067
39.9032641551 -75.3536599867
39.9033263145 -75.35382172
39.9032890189 -75.35382172
39.9032641551 -75.35382172
39.9032517233 -75.3538055467
39.9032517233 -75.3536438133
39.9032517233 -75.3536599867
39.9032392914 -75.3538864133
39.9032268595 -75.35382172
39.9032890189 -75.35362764
39.9033387463 -75.35362764
39.9033387463 -75.35362764
39.9033387463 -75.3536114667
39.9033138826 -75.35362764
39.9032144277 -75.3537408533
39.9032144277 -75.3537893733
39.9032268595 -75.3538055467
39.9032268595 -75.3538055467
39.9032641551 -75.3536923333
39.9032641551 -75.3536438133
39.9032517233 -75.35362764
39.903276587 -75.35362764
39.9033884738 -75.35357912
39.9034879287 -75.3535952933
39.9034382013 -75.3537570267
39.9034133375 -75.3537893733
39.9033636101 -75.35382172
39.9033387463 -75.35367616
39.9033263145 -75.3535306
39.9033263145 -75.3535306
39.9033884738 -75.3535629467
39.9034506331 -75.3537732
39.9034009057 -75.3540158
39.9033511782 -75.3539834533
39.9032517233 -75.35387024
39.9032144277 -75.3537893733
39.9031647002 -75.3537085067
39.9032392914 -75.3536438133
39.9032392914 -75.3536438133
39.9032890189 -75.35367616
39.9033138826 -75.3539025867
39.9033138826 -75.3538378933
39.9032890189 -75.3537570267
39.9031895639 -75.35357912
39.9031771321 -75.3534659067
39.9031647002 -75.3534173867
39.9031647002 -75.3533203467
39.9031647002 -75.3533041733
39.9032019958 -75.3533041733
39.9032019958 -75.3533041733
39.9061856436 -75.3561183333
39.9062229392 -75.3561830267
39.9062353711 -75.3561830267
39.9062353711 -75.35605364
39.9061980755 -75.35605364
39.9061980755 -75.3561992
39.9062478029 -75.3562153733
39.9062478029 -75.3560859867
39.9062353711 -75.3560859867
39.9061359161 -75.35605364
39.9061359161 -75.3561183333
39.9062353711 -75.3561830267
39.9062726667 -75.3561830267
39.9063223941 -75.3561183333
39.9062105073 -75.3561668533
39.906148348 -75.3561668533
39.9059867338 -75.35605364
39.9062229392 -75.3561183333
39.9062353711 -75.3561668533
39.9062478029 -75.3560698133
39.9060861887 -75.35605364
39.9061359161 -75.3561183333
39.9062353711 -75.3561345067
39.9062229392 -75.35605364
39.9061607799 -75.3560374667
39.906148348 -75.3560212933
39.9061110524 -75.3560698133
39.9060861887 -75.3560374667
39.906148348 -75.3561183333
39.9062353711 -75.3560859867
39.906334826 -75.3560698133
39.9062850985 -75.3561668533
39.9061607799 -75.3561345067
39.9061359161 -75.3560212933
39.9061980755 -75.3559404267
39.9062975304 -75.3559242533
39.9063472579 -75.3560212933
39.9062229392 -75.35600512
39.9062229392 -75.3559566
39.9062229392 -75.3558919067
39.9061856436 -75.3557948667
39.9062478029 -75.3558757333
39.9062478029 -75.3559242533
39.9062726667 -75.3559566
39.9061856436 -75.3559889467
39.9061732117 -75.3559242533
39.9061359161 -75.3558757333
39.9061856436 -75.3558757333
39.9062602348 -75.3559889467
39.9062478029 -75.35605364
39.906148348 -75.35605364
39.9061359161 -75.3559727733
39.9061607799 -75.3559566
39.9062850985 -75.35600512
39.9062975304 -75.35605364
39.9061980755 -75.35600512
39.9061359161 -75.35581104
39.9062229392 -75.3558757333
39.9062726667 -75.35590808
39.9063472579 -75.3559404267
39.9063099623 -75.3560698133
39.9062105073 -75.3560859867
39.9060861887 -75.3560212933
39.9061110524 -75.3559566
39.9061607799 -75.3558919067
39.906334826 -75.35585956
39.9063969853 -75.35605364
39.9062602348 -75.3561183333
39.9061732117 -75.3559889467
39.9062353711 -75.3559242533
39.9063472579 -75.35590808
39.9062353711 -75.3560212933
39.905874847 -75.3557786933
39.9058126876 -75.3555846133
39.9058997107 -75.3558433867
39.9058375514 -75.3559404267
39.9058002558 -75.3557463467
39.9057505283 -75.3555846133
39.905775392 -75.3555846133
39.9059494382 -75.3556816533
39.905874847 -75.35581104
39.9057878239 -75.35581104
39.9057380964 -75.3555522667
39.9058997107 -75.35561696
39.9059370063 -75.3557786933
39.9058126876 -75.35585956
39.9057505283 -75.35585956
39.9057256646 -75.35576252
39.9057008008 -75.35561696
39.905688369 -75.3554875733
39.905688369 -75.3554714
39.9056759371 -75.3555037467
39.9058251195 -75.3556493067
39.9058499832 -75.3557301733
39.9059245744 -75.3557786933
39.90596187 -75.3559566
39.9058375514 -75.3558433867
39.9058499832 -75.3557948667
39.9059867338 -75.3557786933
39.9059121426 -75.3556493067
39.905775392 -75.3553905333
39.9057505283 -75.35551992
39.9057380964 -75.3556007867
39.9057878239 -75.35566548
39.9058375514 -75.3557301733
39.9058002558 -75.3558272133
39.9058002558 -75.3559727733
39.9058499832 -75.3559889467
39.9058499832 -75.3558757333
39.9057629602 -75.3557463467
39.9057008008 -75.3556978267
39.9057008008 -75.3556331333
39.9057132327 -75.35561696
39.9057132327 -75.3555522667
39.9058126876 -75.3556493067
39.9062478029 -75.3559889467
39.9062478029 -75.3560212933
39.9060737568 -75.35605364
39.9060861887 -75.3559889467
39.9061234843 -75.3560374667
39.906148348 -75.3560698133
39.9062478029 -75.3560859867
39.9062478029 -75.3560374667
39.9061607799 -75.3560212933
39.9065834633 -75.35561696
39.9065834633 -75.35561696
39.9064715765 -75.35561696
39.9065337358 -75.3556007867
39.9065585996 -75.35566548
39.9065958952 -75.355714
39.9065958952 -75.35566548
39.9065958952 -75.3556331333
39.9064591447 -75.3556493067
39.9064591447 -75.3556493067
39.9065337358 -75.3556978267
39.9065834633 -75.3556493067
39.9065834633 -75.3556331333
39.9066331908 -75.3555522667
39.9066704864 -75.3556007867
39.9066207589 -75.3556978267
39.9065958952 -75.3556816533
39.9065461677 -75.35556844
39.9065834633 -75.35561696
39.9065958952 -75.35566548
39.9065088721 -75.3556816533
39.9064840084 -75.35566548
39.9064840084 -75.35561696
39.9065585996 -75.35556844
39.9065710314 -75.3555360933
39.906608327 -75.3555360933
39.9066331908 -75.35556844
39.9066331908 -75.3556007867
39.9065585996 -75.3556007867
39.906521304 -75.3556331333
39.9064840084 -75.3556493067
39.9064840084 -75.3556493067
39.9064840084 -75.3556493067
39.9065337358 -75.3556978267
39.9065337358 -75.3556978267
39.9065834633 -75.3556331333
39.9065585996 -75.35556844
39.9065585996 -75.3555522667
39.9065958952 -75.35556844
39.906608327 -75.35561696
39.9066331908 -75.355714
39.9066331908 -75.3556978267
39.9065337358 -75.35551992
39.9065337358 -75.3554875733
39.9065710314 -75.3554875733
39.906608327 -75.35551992
39.9066456226 -75.3555846133
39.906608327 -75.3556978267
39.9065585996 -75.3556816533
39.9065088721 -75.3556978267
39.9064964403 -75.35566548
39.906608327 -75.35566548
39.906608327 -75.3556331333
39.906608327 -75.3556331333
39.9066207589 -75.3556331333
39.9066207589 -75.3556331333
39.906608327 -75.3556493067
39.9064715765 -75.3557948667
39.9064218491 -75.3558919067
39.9064218491 -75.3558919067
39.9064840084 -75.3557786933
39.906521304 -75.35576252
39.9064840084 -75.3558272133
39.9064591447 -75.3559404267
39.9064342809 -75.3559566
39.9064591447 -75.3558757333
39.906707782 -75.35600512
39.906608327 -75.3561830267
39.9066829182 -75.35605364
39.9066953501 -75.3560212933
39.906608327 -75.35610216
39.9065834633 -75.35610216
39.9065958952 -75.3560698133
39.9066456226 -75.35610216
39.9066456226 -75.3561345067
39.9065461677 -75.3561183333
39.9065585996 -75.35610216
39.9065958952 -75.35610216
39.906608327 -75.3561345067
39.9065710314 -75.35615068
39.9065585996 -75.35605364
39.9066456226 -75.3560374667
39.9066580545 -75.35605364
39.906608327 -75.3561830267
39.906608327 -75.35605364
39.9066331908 -75.3560374667
39.906707782 -75.3559404267
39.9067202138 -75.35585956
39.9066704864 -75.35581104
39.9066331908 -75.3557463467
39.9066580545 -75.3560698133
39.9065834633 -75.35610216
39.9065710314 -75.3561183333
39.906608327 -75.3561183333
39.9066456226 -75.35615068
39.9066456226 -75.3562315467
39.9066207589 -75.3561830267
39.9066704864 -75.3561992
39.9068818281 -75.3554390533
39.9068818281 -75.3554390533
39.9068818281 -75.3553905333
39.9068693962 -75.3553905333
39.90689426 -75.3553420133
39.9069315556 -75.35537436
39.9069315556 -75.35542288
39.9068569644 -75.3554714
39.906794805 -75.3554714
39.9068072369 -75.35542288
39.9068818281 -75.3553905333
39.9069315556 -75.3553420133
39.9069315556 -75.3554390533
39.9068818281 -75.3554552267
39.9068196688 -75.3554390533
39.9068818281 -75.35527732
39.90689426 -75.35532584
39.9069066918 -75.3553905333
39.9069066918 -75.3554390533
39.9067699413 -75.3553581867
39.9068445325 -75.3553420133
39.9068569644 -75.3553420133
39.9068569644 -75.3553905333
39.9068569644 -75.3553905333
39.9068569644 -75.3553905333
39.90689426 -75.35537436
39.9069066918 -75.3553905333
39.9069439874 -75.3554714
39.9069066918 -75.3553581867
39.9069066918 -75.35532584
39.9068445325 -75.3553905333
39.906794805 -75.3553905333
39.906794805 -75.35537436
39.9068072369 -75.3553420133
39.9068072369 -75.3554714
39.9070185786 -75.35527732
39.9070931698 -75.3552449733
39.9071180335 -75.3551641067
39.9071180335 -75.3551641067
39.9071056017 -75.35518028
39.9071056017 -75.3552288
39.9071180335 -75.35518028
39.9071180335 -75.35518028
39.9070683061 -75.3550508933
39.9071428973 -75.3550670667
39.9071553291 -75.3551479333
39.9071304654 -75.3552449733
39.9071180335 -75.3551479333
39.9071180335 -75.3551479333
39.9071926247 -75.3551641067
39.9070434423 -75.3551641067
39.9070434423 -75.3551641067
39.9070434423 -75.3551155867
39.9071304654 -75.3551479333
39.9071428973 -75.3551964533
39.9070310105 -75.3551641067
39.9070310105 -75.35508324
39.9070310105 -75.3550994133
39.9070434423 -75.3552126267
39.9069191237 -75.35527732
39.9069315556 -75.3552449733
39.9069066918 -75.3551479333
39.9069066918 -75.35513176
39.9069315556 -75.35513176
39.9070061468 -75.3551641067
39.9070310105 -75.3551641067
39.9070558742 -75.35513176
39.9071056017 -75.35518028
39.9070807379 -75.3551964533
39.907167761 -75.3557301733
39.9071056017 -75.3557948667
39.9070931698 -75.3558433867
39.9071056017 -75.3558433867
39.9071428973 -75.3557948667
39.907167761 -75.3557948667
39.907167761 -75.35581104
39.9071304654 -75.3558433867
39.9071304654 -75.3558757333
39.9070807379 -75.3560212933
39.9070558742 -75.3560374667
39.9070061468 -75.3559889467
39.9070310105 -75.35590808
39.9071304654 -75.35576252
39.9071553291 -75.3556978267
39.9071553291 -75.3556978267
39.9071428973 -75.3558433867
39.9070558742 -75.3558757333
39.9070558742 -75.3559242533
39.9070683061 -75.3558757333
39.9071553291 -75.3558272133
39.9071056017 -75.3558757333
39.9070185786 -75.3560374667
39.906981283 -75.3561183333
39.9069937149 -75.3560212933
39.9070807379 -75.3558919067
39.9071428973 -75.3558272133
39.9071801929 -75.3557463467
39.9071553291 -75.3558433867
39.9072672159 -75.3556007867
39.9073169434 -75.3555522667
39.9074288302 -75.35551992
39.9072920797 -75.35542288
39.9072174885 -75.3552611467
39.9071801929 -75.3551964533
39.9072920797 -75.3553420133
39.907354239 -75.35537436
39.9073045115 -75.35551992
39.9072796478 -75.3554390533
39.9072796478 -75.3553905333
39.9072796478 -75.35542288
39.9073418071 -75.3554714
39.9074288302 -75.35542288
39.9073418071 -75.3554067067
39.9072299203 -75.35527732
39.9072423522 -75.35527732
39.9073293753 -75.3553420133
39.9073418071 -75.3554552267
39.9073418071 -75.3555037467
39.9073418071 -75.3555037467
39.9073418071 -75.3555037467
39.9073418071 -75.3554390533
39.9053402767 -75.35285132
39.9051786625 -75.35275428
39.9052035262 -75.3527219333
39.9053775723 -75.3528351467
39.9052159581 -75.35285132
39.9051786625 -75.35265724
39.9052159581 -75.35260872
39.9053029811 -75.35265724
39.9054024361 -75.35270576
39.9053775723 -75.3528189733
39.9052159581 -75.35275428
39.9053402767 -75.35275428
39.9052035262 -75.3527381067
39.9051786625 -75.35275428
39.9050916394 -75.3526895867
39.9052656855 -75.3525602
39.9054148679 -75.3526895867
39.9055143229 -75.3527866267
39.9054272998 -75.35294836
39.9051413669 -75.3527381067
39.9050916394 -75.3526734133
39.9052532537 -75.3526410667
39.9053651405 -75.35275428
39.9053402767 -75.35289984
39.9052408218 -75.3527866267
39.905128935 -75.35260872
39.9051910943 -75.3525763733
39.9052532537 -75.3525602
39.9052408218 -75.3526248933
39.9051910943 -75.35265724
39.9052035262 -75.35270576
39.9051040713 -75.3527704533
39.9051413669 -75.3527219333
39.9052408218 -75.35270576
39.9052905493 -75.3527866267
39.9052656855 -75.3528189733
39.9054024361 -75.35289984
39.9054645954 -75.3527704533
39.9053278449 -75.3526734133
39.9052656855 -75.3525602
39.9051662306 -75.3525925467
39.905128935 -75.3526410667
39.9052656855 -75.3525602
39.9053651405 -75.3526734133
39.9055516184 -75.3527219333
39.9054148679 -75.35275428
39.9054024361 -75.3526410667
39.905315413 -75.3525925467
39.9052656855 -75.3525602
39.9051662306 -75.3525763733
39.9052532537 -75.3525602
39.9052781174 -75.3526410667
39.9052781174 -75.35275428
39.9051786625 -75.3528189733
39.905128935 -75.3526895867
39.9053278449 -75.3526248933
39.9052905493 -75.3541775333
39.9051413669 -75.3541451867
39.9052283899 -75.3542422267
39.9053527086 -75.3543230933
39.905315413 -75.3543877867
39.9051786625 -75.35430692
39.9050667757 -75.35411284
39.9052035262 -75.3541937067
39.905315413 -75.3542745733
39.9053278449 -75.3543392667
39.905128935 -75.3542422267
39.9051040713 -75.35420988
39.9051786625 -75.3542260533
39.9053029811 -75.35430692
39.9053278449 -75.3543716133
39.9052159581 -75.3542260533
39.9051165031 -75.3541290133
39.9051662306 -75.35420988
39.9062478029 -75.3541937067
39.9063099623 -75.3540804933
39.9063721216 -75.3539349333
39.9064218491 -75.3538540667
39.9064591447 -75.3536599867
39.9064591447 -75.3537085067
39.9063845535 -75.3538864133
39.9062602348 -75.3541775333
39.9063472579 -75.3541775333
39.9064094172 -75.3540804933
39.9064840084 -75.3537732
39.9064840084 -75.3539349333
39.9062975304 -75.3540319733
39.9062975304 -75.3541451867
39.9062602348 -75.3540966667
39.906334826 -75.3538540667
39.9064467128 -75.35382172
39.9064591447 -75.3537893733
39.906521304 -75.3537408533
39.906521304 -75.3537570267
39.9064715765 -75.3539025867
39.9064467128 -75.3539834533
39.9063721216 -75.3540481467
39.9062478029 -75.3541775333
39.9062229392 -75.3540966667
39.9062850985 -75.3539511067
39.9063845535 -75.35387024
39.9064094172 -75.3537893733
39.9064467128 -75.3537732
39.9063845535 -75.3540158
39.9063845535 -75.3540481467
39.9064094172 -75.3539349333
39.9064840084 -75.35382172
39.9065088721 -75.3537085067
39.9064964403 -75.3537085067
39.9064094172 -75.3537732
39.9063472579 -75.3539834533
39.9062602348 -75.35411284
39.9062229392 -75.3540966667
39.906334826 -75.3539511067
39.9064218491 -75.3538540667
39.9064467128 -75.3538055467
39.9064840084 -75.3537570267
39.9064964403 -75.3537085067
39.9064840084 -75.3537732
39.9064094172 -75.3539834533
39.9063472579 -75.35406432
39.9063223941 -75.3540804933
39.9063845535 -75.3539996267
39.9064342809 -75.35396728
39.9064840084 -75.3537408533
39.9064715765 -75.3537893733
39.9063721216 -75.3539511067
39.9063721216 -75.3540804933
39.9064591447 -75.35411284
39.9064840084 -75.3539025867
39.9065088721 -75.3538378933
39.9067823732 -75.35362764
39.90689426 -75.3535306
39.9068569644 -75.3535629467
39.9068072369 -75.35362764
39.9067823732 -75.3537085067
39.9068072369 -75.3537085067
39.9068445325 -75.3536923333
39.9068569644 -75.3535952933
39.9068818281 -75.3535306
39.9068072369 -75.3534982533
39.9067823732 -75.3536114667
39.9067823732 -75.3537085067
39.9068818281 -75.3536599867
39.9068818281 -75.3536114667
39.90689426 -75.35357912
39.9068818281 -75.35343356
39.9068569644 -75.3535629467
39.9068072369 -75.3535952933
39.9067823732 -75.3535467733
39.9068321006 -75.3535467733
39.9068445325 -75.35348208
39.9068445325 -75.3534659067
39.9068321006 -75.35343356
39.9068569644 -75.35357912
39.9068445325 -75.35362764
39.9068196688 -75.3536599867
39.9067326457 -75.3536599867
39.9067575094 -75.3537893733
39.9068445325 -75.3537085067
39.9068569644 -75.3535629467
39.9068569644 -75.3535306
39.9069439874 -75.3535306
39.9068693962 -75.3535629467
39.9068693962 -75.3535467733
39.9068321006 -75.3534982533
39.9068321006 -75.3534982533
39.9067202138 -75.3536438133
39.9067202138 -75.3536114667
39.9067326457 -75.3535952933
39.9067823732 -75.3535467733
39.9068569644 -75.3535952933
39.9068445325 -75.35372468
39.9068196688 -75.35372468
39.9068072369 -75.35367616
39.9068196688 -75.3534982533
39.9068196688 -75.35430692
39.9068196688 -75.3544201333
39.9068072369 -75.3544848267
39.9068693962 -75.3542745733
39.9068818281 -75.35420988
39.9069066918 -75.3541775333
39.9069315556 -75.3542907467
39.9068818281 -75.35430692
39.9068693962 -75.35440396
39.9067575094 -75.3544201333
39.9066456226 -75.3544201333
39.9067326457 -75.3544848267
39.906794805 -75.35435544
39.9068818281 -75.3541451867
39.9069688512 -75.35411284
39.9069439874 -75.3542584
39.90689426 -75.35435544
39.9067575094 -75.3543230933
39.9067575094 -75.3542745733
39.9069066918 -75.3541937067
39.9069315556 -75.3543716133
39.90689426 -75.3544201333
39.9067823732 -75.35440396
39.9067326457 -75.35454952
39.9068321006 -75.35435544
39.9068818281 -75.3542907467
39.9069315556 -75.3544363067
39.9068445325 -75.3543716133
39.9068321006 -75.3542422267
39.9068818281 -75.35420988
39.9068818281 -75.3542745733
39.9068445325 -75.3544201333
39.9067823732 -75.3545171733
39.9067575094 -75.3544201333
39.9069315556 -75.35420988
39.9069315556 -75.3542584
39.9068321006 -75.3544201333
39.9067699413 -75.3544201333
39.90689426 -75.3542907467
39.9068818281 -75.35435544
39.9068196688 -75.3543716133
39.9068072369 -75.35440396
39.9068072369 -75.3544363067
39.9065834633 -75.3546789067
39.9064964403 -75.3546789067
39.9063969853 -75.3546303867
39.9063969853 -75.35479212
39.9065088721 -75.3548568133
39.9065958952 -75.3549215067
39.9064964403 -75.3548729867
39.9064218491 -75.3547597733
39.906334826 -75.35464656
39.9062726667 -75.35459804
39.9063969853 -75.3547597733
39.906608327 -75.3548568133
39.9065337358 -75.35479212
39.9064094172 -75.35469508
39.9062850985 -75.3545333467
39.9063099623 -75.3545656933
39.9063845535 -75.3546627333
39.9064342809 -75.3547274267
39.9065585996 -75.35488916
39.9065088721 -75.3548568133
39.9064094172 -75.3547274267
39.9063472579 -75.3546627333
39.9062975304 -75.35464656
39.9063969853 -75.3547759467
39.9064715765 -75.3548082933
39.9065088721 -75.35479212
39.9065461677 -75.3549215067
39.9064840084 -75.3548729867
39.9064094172 -75.3547274267
39.9055391866 -75.3548244667
39.905688369 -75.3548568133
39.905775392 -75.35493768
39.905874847 -75.3548244667
39.9058997107 -75.3547436
39.9058872788 -75.3547112533
39.9058997107 -75.3545818667
39.9058375514 -75.3546627333
39.9058624151 -75.35488916
39.9058002558 -75.35488916
39.9058126876 -75.3548568133
39.9058872788 -75.3547436
39.9059245744 -75.3547274267
39.9058002558 -75.3549215067
39.9057629602 -75.3549700267
39.9057505283 -75.35488916
39.9058002558 -75.35484064
39.9058624151 -75.3547597733
39.9058997107 -75.3547597733
39.9058872788 -75.35484064
39.9057629602 -75.3548568133
39.9058126876 -75.3547759467
39.9058375514 -75.3547274267
39.9058872788 -75.35464656
39.905874847 -75.35464656
39.905874847 -75.3546303867
39.905874847 -75.35469508
39.9058002558 -75.3547597733
39.9058499832 -75.3545656933
39.9058499832 -75.354501
39.9058375514 -75.3544848267
39.9058251195 -75.3544848267
39.9059121426 -75.35454952
39.9059494382 -75.3546303867
39.9058499832 -75.35459804
39.9059370063 -75.3546142133
39.9058251195 -75.35469508
39.9058251195 -75.3549215067
39.9056759371 -75.3550023733
39.9056013459 -75.3549215067
39.9055267547 -75.3548568133
39.9055516184 -75.3548244667
39.9056386415 -75.3549215067
39.9057132327 -75.35493768
39.9058002558 -75.3549538533
39.9059245744 -75.3547436
39.9058997107 -75.35469508
39.9058375514 -75.3546627333
39.9058251195 -75.3546303867
39.9058375514 -75.3545818667
39.905775392 -75.3545171733
39.9059245744 -75.35464656
39.9059245744 -75.35469508
39.9053900042 -75.3555037467
39.9052408218 -75.3555360933
39.9051662306 -75.3553581867
39.9052408218 -75.3551964533
39.9055267547 -75.3552611467
39.9052656855 -75.35542288
39.9053775723 -75.35527732
39.9052781174 -75.3554714
39.9051786625 -75.35527732
39.9052408218 -75.3552449733
39.9054521635 -75.35532584
39.9054770273 -75.3553905333
39.9053029811 -75.3554875733
39.9051537987 -75.3552934933
39.9053651405 -75.35513176
39.9054272998 -75.3552611467
39.9052781174 -75.3553905333
39.9052035262 -75.3553905333
39.9052035262 -75.35518028
39.9052656855 -75.3553905333
39.9030155178 -75.35697552
39.903090109 -75.3571049067
39.9031895639 -75.35731516
39.9033511782 -75.3571372533
39.9034506331 -75.3571696
39.9036246792 -75.3570887333
39.9035003606 -75.3572828133
39.9034009057 -75.35731516
39.9031398365 -75.3571857733
39.9029782222 -75.3569916933
39.9033263145 -75.3571696
39.9033263145 -75.3563609333
39.9033760419 -75.3565226667
39.9034879287 -75.3565226667
39.9035749518 -75.3563285867
39.9036992704 -75.3560859867
39.9037614298 -75.3559242533
39.903649543 -75.3557301733
39.9037862935 -75.3558757333
39.9037614298 -75.3560859867
39.9035873836 -75.35629624
39.9035003606 -75.3564094533
39.9032641551 -75.3563124133
39.9034009057 -75.35649032
39.9035873836 -75.3563609333
39.903649543 -75.3562315467
39.9036868386 -75.35610216
39.9037738616 -75.3557463467
39.903736566 -75.3558272133
39.9048802977 -75.35464656
39.9051040713 -75.3547436
39.9050792075 -75.35464656
39.9049300252 -75.3545818667
39.9049548889 -75.3545333467
39.9050419119 -75.3544363067
39.9051662306 -75.3541775333
39.9052035262 -75.3539025867
39.9054397317 -75.3537570267
39.905315413 -75.3539511067
39.9052159581 -75.3540966667
39.9052656855 -75.3540158
39.905315413 -75.3538864133
39.9054645954 -75.35382172
39.9055640503 -75.3518485733
39.9057008008 -75.3517515333
39.905874847 -75.3517030133
39.9061234843 -75.3516059733
39.9060115975 -75.3516544933
39.9057878239 -75.35163832
39.9055267547 -75.3518162267
39.905775392 -75.3517677067
39.9060737568 -75.3515898
39.9059370063 -75.3515898
39.9057132327 -75.3516706667
39.90596187 -75.3516221467
39.9060986205 -75.3516059733
39.905874847 -75.35168684
39.9060861887 -75.3511692933
39.9060488931 -75.3509266933
39.9060115975 -75.35066792
39.9057505283 -75.3507326133
39.9059245744 -75.3507326133
39.9060613249 -75.3510237333
39.9060613249 -75.3509752133
39.9060488931 -75.35076496
39.9060240294 -75.35100756
39.9060861887 -75.3507326133
39.9061234843 -75.3508943467
39.9059370063 -75.3508296533
39.9040722264 -75.3515089333
39.9038981803 -75.3517030133
39.9038733166 -75.3515574533
39.9037614298 -75.3514604133
39.9036619748 -75.3512663333
39.9036868386 -75.3511207733
39.9037987254 -75.3509266933
39.9037489979 -75.35115312
39.903649543 -75.3512663333
39.9035500881 -75.3513795467
39.903736566 -75.3514280667
39.9039354759 -75.3515736267
39.9040722264 -75.3516706667
39.9038857484 -75.3515251067
39.9037987254 -75.35149276
39.9036868386 -75.3513633733
39.9036122474 -75.3513472
39.9034257694 -75.3512178133
39.903463065 -75.35115312
39.9035376562 -75.3510399067
39.9035749518 -75.35095904
39.9035873836 -75.3508458267
39.9035500881 -75.3510399067
39.903463065 -75.3511207733
39.9033884738 -75.3513148533
39.9033884738 -75.35120164
39.9034382013 -75.3511046
39.9034754969 -75.35100756
39.9035127925 -75.35091052
39.9032890189 -75.3507811333
39.9032268595 -75.3507487867
39.9031274046 -75.35081348
39.903090109 -75.3509428667
39.9031149727 -75.35091052
39.9031895639 -75.35081348
39.9033014507 -75.3507811333
39.9033884738 -75.35081348
39.9033511782 -75.35091052
39.9032392914 -75.3508296533
39.9032392914 -75.3507487867
39.9031771321 -75.3507973067
39.9031149727 -75.3509428667
39.9030776771 -75.3510399067
39.9031274046 -75.3508458267
39.9031647002 -75.3507326133
39.9032268595 -75.3507326133
39.9063472579 -75.3550670667
39.9064715765 -75.3554390533
39.9061732117 -75.35556844
39.9060861887 -75.3548244667
39.9057380964 -75.3542907467
39.9056759371 -75.3542584
39.9059743019 -75.35411284
39.9057878239 -75.35129868
39.9054645954 -75.3514280667
39.9056635052 -75.3524469867
39.9048678658 -75.3527704533
39.9046192285 -75.3534012133
39.9042214088 -75.35382172
39.9038857484 -75.3537732
39.9039976352 -75.3531747867
39.9042587044 -75.3525763733
39.9049548889 -75.3539834533
39.899758369 -75.3542584
39.9001810524 -75.35440396
39.9004545535 -75.3542260533
39.9000194382 -75.3540158
39.9001188931 -75.35416136
39.9011631698 -75.3542422267
39.901237761 -75.3545656933
39.9010637149 -75.3546627333
39.9010139874 -75.3539349333
39.9010637149 -75.3539996267
39.9011756017 -75.35416136
39.9009518281 -75.35445248
39.9009518281 -75.3543230933
39.9011134423 -75.3541937067
39.9011383061 -75.3540158
39.9010885786 -75.3540481467
39.9011383061 -75.3542745733
39.9011258742 -75.3544848267
39.9010139874 -75.3544848267
39.9009393962 -75.3542422267
39.9008150776 -75.3540804933
39.9012501929 -75.3551479333
39.9013247841 -75.3553096667
39.9013123522 -75.3552611467
39.9013123522 -75.35518028
39.9013745115 -75.35508324
39.9013993753 -75.3552611467
39.9013496478 -75.35537436
39.9012999203 -75.35537436
39.9012626247 -75.3553096667
39.9012626247 -75.3551155867
39.9012750566 -75.35503472
39.9013869434 -75.35518028
39.9013869434 -75.35527732
39.9013745115 -75.3553581867
39.9013372159 -75.3553905333
39.9013247841 -75.3551155867
39.9013496478 -75.35503472
39.9014366709 -75.3551641067
39.9014366709 -75.3552934933
39.9014366709 -75.35537436
39.9012626247 -75.35527732
39.9012750566 -75.3551479333
39.9013496478 -75.35513176
39.9014491027 -75.3552288
39.9014366709 -75.3553420133
39.9013372159 -75.3554067067
39.901237761 -75.3553905333
39.9012253291 -75.3536599867
39.9011383061 -75.35367616
39.9009145325 -75.3537893733
39.9011507379 -75.3537085067
39.9011756017 -75.35372468
39.9010015556 -75.35357912
39.9011258742 -75.3535952933
39.9011383061 -75.3537732
39.9010761468 -75.35362764
39.9011134423 -75.35362764
39.90096426 -75.35372468
39.9010264193 -75.35372468
39.9011134423 -75.3536923333
39.9012004654 -75.35357912
39.9012253291 -75.3536114667
39.9012626247 -75.3543392667
39.901237761 -75.35435544
39.9011383061 -75.35430692
39.9010264193 -75.3542907467
39.9009891237 -75.3541775333
39.9009766918 -75.3540319733
39.9012253291 -75.3540481467
39.9013123522 -75.3550023733
39.9013247841 -75.3551641067
39.9013620797 -75.3552449733
39.9013745115 -75.3552288
39.9013496478 -75.3551964533
39.9013496478 -75.35527732
39.9013496478 -75.35532584
39.9012128973 -75.3553096667
39.9012128973 -75.3551155867
39.9012501929 -75.3550670667
39.9010761468 -75.3530130533
39.9008523732 -75.3530454
39.9010264193 -75.3529807067
39.9012874885 -75.35314244
39.9027420168 -75.3519617867
39.9033884738 -75.3525925467
39.9021825828 -75.3500209867
39.9022074465 -75.35018272
39.9023193333 -75.35008568
39.9022944696 -75.3500209867
39.9021825828 -75.3500048133
39.9020955597 -75.3501503733
39.9021950147 -75.35018272
39.9022696059 -75.34994012
39.9021950147 -75.3499724667
39.9021079916 -75.3499724667
39.9021204235 -75.3500048133
39.9022198784 -75.3506840933
39.9020334004 -75.35100756
39.9018966499 -75.3513310267
39.901884218 -75.35139572
39.9019215136 -75.35125016
39.9019961048 -75.3510237333
39.9020209686 -75.3511692933
39.9059245744 -75.3507002667
39.8994475723 -75.35178388
39.8993356855 -75.35178388
39.8994351405 -75.3516706667
39.8998702558 -75.3515898
39.9001064612 -75.35149276
39.9002059161 -75.35154128
39.9000815975 -75.3516221467
39.8997459371 -75.3514604133
39.9000070063 -75.3514765867
39.9000070063 -75.3516544933
39.8998702558 -75.3515251067
39.9000070063 -75.3514280667
39.9002307799 -75.35149276
39.8995097317 -75.3517030133
39.8994227086 -75.3515089333
39.8993605493 -75.3517515333
39.8996340503 -75.3516544933
39.9054645954 -75.3527866267
39.9053651405 -75.3529160133
39.9053402767 -75.3525602
39.9052283899 -75.3525278533
39.9050170482 -75.3544848267
39.9042089769 -75.35484064
39.9042462725 -75.3546789067
39.9043084319 -75.3547436
39.904109522 -75.35503472
39.9041841132 -75.3550023733
39.9042214088 -75.3548568133
39.904296 -75.3549053333
39.9041468176 -75.3550023733
39.9040722264 -75.3550508933
39.9041219539 -75.3549862
39.9042587044 -75.3548729867
39.9042835681 -75.3550508933
39.9041592495 -75.3550508933
39.9041468176 -75.35503472
39.9041716813 -75.35484064
39.9043084319 -75.3547112533
39.9042089769 -75.3549215067
39.9041219539 -75.3549862
39.9042462725 -75.3547759467
39.9042711363 -75.3550185467
39.9034133375 -75.3561668533
39.9035252243 -75.3560698133
39.9033760419 -75.3571049067
39.9031895639 -75.3568946533
39.903836021 -75.3555846133
39.9043208637 -75.3544201333
39.9048430021 -75.3539996267
39.902816608 -75.3545333467
39.9028539036 -75.3548244667
39.9025555388 -75.3554552267
39.9026922893 -75.3553420133
39.9028041761 -75.35348208
39.9021328553 -75.3534982533
39.9015361258 -75.3534497333
39.9031149727 -75.3522852533
39.9042214088 -75.3550994133
39.9041468176 -75.35508324
39.9041592495 -75.3549215067
39.9043208637 -75.35488916
39.904109522 -75.3549538533
39.9050294801 -75.3543230933
39.9052656855 -75.3543716133
39.9058251195 -75.3517515333
39.9060488931 -75.35154128
39.9058002558 -75.3513795467
39.9059991656 -75.3510722533
39.9060364612 -75.3508458267
39.9060737568 -75.3509428667
39.9060737568 -75.3510237333
39.9062229392 -75.3539511067
39.9062478029 -75.3540804933
39.906521304 -75.3537085067
39.9065337358 -75.3537408533
39.9064342809 -75.3540319733
39.906334826 -75.35387024
39.9065461677 -75.3538378933
39.9061110524 -75.3560212933
39.9062105073 -75.3560859867
39.9062602348 -75.3561668533
39.9062229392 -75.35634476
39.9063596897 -75.3561345067
39.9064218491 -75.3561992
39.9063472579 -75.3560698133
39.9062975304 -75.3561668533
39.9062602348 -75.3561183333
39.9059121426 -75.3575254133
39.9052656855 -75.3577356667
39.9042462725 -75.35804296
39.9031025409 -75.3583987733
39.902443652 -75.3590295333
39.9023939245 -75.3580591333
39.9023317652 -75.35775184
39.9069315556 -75.3554552267
39.9070185786 -75.35532584
39.9070061468 -75.3553905333
39.9068569644 -75.3553096667
39.9069564193 -75.3553581867
39.9069564193 -75.35532584
39.9070931698 -75.35527732
39.9070434423 -75.3554067067
39.9069937149 -75.35542288
39.9070185786 -75.3554067067
39.9070434423 -75.3553581867
39.906981283 -75.3553420133
39.9069564193 -75.3553581867
39.9068569644 -75.35542288
39.9068445325 -75.3553905333
39.9068693962 -75.3554875733
39.9068321006 -75.35537436
39.9068569644 -75.3554714
39.9067823732 -75.3553905333
39.9068321006 -75.3559566
39.9067450776 -75.35585956
39.9067326457 -75.3558919067
39.9067326457 -75.3559727733
39.9066953501 -75.3560859867
39.9066704864 -75.3561345067
39.906608327 -75.3560374667
39.9066580545 -75.3559889467
39.9066829182 -75.3560698133
39.9066207589 -75.3561183333
39.905874847 -75.3558433867
39.9061234843 -75.3560212933
39.906148348 -75.3559889467
39.9062726667 -75.3560374667
39.9062726667 -75.3560698133
39.9061732117 -75.35585956
39.9062478029 -75.3558272133
39.9062975304 -75.3558272133
39.906334826 -75.3559889467
39.9062229392 -75.35615068
39.9061856436 -75.3560859867
39.9062353711 -75.3560859867
39.905315413 -75.35265724
39.9052781174 -75.35275428
39.9054024361 -75.3527704533
39.9052159581 -75.3527381067
39.9053278449 -75.3526895867
39.9054397317 -75.35285132
39.9053651405 -75.3529321867
39.9052408218 -75.3527381067
39.9052656855 -75.3526248933
39.9051662306 -75.3524308133
39.9050792075 -75.3526248933
39.9051413669 -75.3527219333
39.9052408218 -75.3527866267
39.9052035262 -75.35289984
39.9052905493 -75.3528028
39.9053775723 -75.35275428
39.9054272998 -75.3528189733
39.9052656855 -75.35294836
39.9051910943 -75.35285132
39.9051662306 -75.35270576
39.9053651405 -75.3524793333
39.9054148679 -75.3526248933
39.9054148679 -75.3528189733
39.9052781174 -75.3528351467
39.9052035262 -75.35275428
39.9051537987 -75.3526410667
39.9052408218 -75.3526410667
39.9054024361 -75.3527704533
39.9054148679 -75.35285132
39.9053900042 -75.3530292267
39.9053029811 -75.3529160133
39.905315413 -75.3529160133
39.9053402767 -75.3529645333
39.9052781174 -75.3529645333
39.9052781174 -75.3528674933
39.9054024361 -75.35270576
39.9054894591 -75.35270576
39.9054894591 -75.3527219333
39.9054770273 -75.35285132
39.9054272998 -75.3529321867
39.9053402767 -75.3529321867
39.9051786625 -75.3527381067
39.9052408218 -75.3524793333
39.9053527086 -75.3524955067
39.9054770273 -75.35260872
39.9053900042 -75.3526734133
39.9052408218 -75.3525763733
39.9051786625 -75.3525602
39.9051040713 -75.35251168
39.9052283899 -75.35246316
39.9053527086 -75.35251168
39.9053900042 -75.35260872
39.9051910943 -75.35289984
39.9051165031 -75.3527704533
39.9050543438 -75.35265724
39.9051537987 -75.35251168
39.9051910943 -75.3534173867
39.9045322055 -75.3546142133
39.9035625199 -75.35488916
39.9037862935 -75.3543230933
39.9054397317 -75.3526410667
39.9052656855 -75.3527381067
39.9052408218 -75.3525763733
