195 296
204 296
205 281
202 285
209 283
218 266
206 266
206 255
225 253
225 252
225 245
244 235
237 238
228 239
220 255
215 268
213 270
218 244
221 244
236 236
231 240
221 246
219 274
215 287
211 292
264 366
264 350
270 362
283 371
283 356
284 354
284 354
297 354
293 344
292 343
280 352
278 365
280 374
280 378
273 376
270 373
308 395
310 401
321 408
321 408
319 412
319 406
316 400
305 398
317 404
324 411
324 411
312 402
310 402
310 402
324 411
351 485
403 516
416 475
401 447
366 422
343 526
391 539
351 552
349 558
347 559
346 556
340 557
340 560
356 562
352 567
343 567
341 561
337 555
338 550
351 548
353 548
355 548
355 550
411 400
411 419
417 418
417 403
417 398
416 398
402 395
402 386
414 386
414 397
410 404
398 392
471 375
471 357
480 343
480 333
486 348
500 353
496 353
474 353
515 334
535 336
535 349
535 366
535 348
535 335
516 334
515 334
525 334
525 335
190 558
176 551
176 535
205 532
209 523
226 523
226 530
220 521
203 518
195 525
193 529
293 314
293 314
285 306
275 293
290 309
290 318
300 321
297 310
282 301
521 570
524 570
538 567
532 564
532 555
532 574
523 576
512 540
508 549
508 548
510 542
529 539
531 538
522 528
516 542
495 527
491 513
477 498
491 498
486 511
486 514
